800 0.360824 0.519151 0.118546 0.00134762 0.000127853 3.53807e-06
850 0.362882 0.5175 0.118168 0.00129949 0.000149105 1.93386e-06
900 0.362644 0.516559 0.119365 0.0012556 0.000169053 7.45802e-06
950 0.361864 0.517846 0.118876 0.00124746 0.000157427 9.18377e-06
973 0.362892 0.517148 0.118484 0.00133144 0.000140269 4.90029e-06
1000 0.362793 0.516943 0.118752 0.0013705 0.000130347 1.13591e-05
1050 0.362446 0.516648 0.119361 0.00140227 0.00013808 5.16055e-06
1100 0.361249 0.51901 0.11839 0.00119104 0.000148157 1.13491e-05
1150 0.362822 0.517422 0.118252 0.00135504 0.000144655 4.0507e-06
1200 0.362662 0.51767 0.118203 0.00128753 0.000170234 7.49432e-06
1250 0.362178 0.517899 0.118426 0.00132278 0.000166565 8.9223e-06
1300 0.360629 0.518628 0.119363 0.00120199 0.000166117 1.19859e-05
1350 0.362414 0.51653 0.119603 0.00129199 0.000152576 7.99561e-06
1400 0.362311 0.517026 0.119202 0.00132373 0.000134799 3.27726e-06
