800 0.00334788 0.369336 0.599468 0.0243065 0.00304379 0.00049803
850 0.00326617 0.367785 0.60052 0.0248724 0.00305852 0.000498115
900 0.00327798 0.369327 0.599743 0.0239509 0.00323709 0.000464132
950 0.00349289 0.369634 0.598915 0.0242574 0.00324005 0.000461439
973 0.00336723 0.366881 0.60164 0.0244127 0.00324459 0.000454349
1000 0.00321485 0.370883 0.597402 0.0249301 0.00313182 0.000437919
1050 0.00332683 0.368226 0.600549 0.0241698 0.00320144 0.000526164
1100 0.0031589 0.368056 0.600082 0.0251445 0.00310535 0.000452741
1150 0.00337926 0.370523 0.598028 0.0243354 0.00321922 0.000514856
1200 0.0034891 0.368783 0.599106 0.0251041 0.00304471 0.000472769
1250 0.00327653 0.368196 0.60057 0.0244288 0.00300268 0.000526077
1300 0.00324714 0.370478 0.598521 0.0241985 0.00307033 0.000485313
1350 0.00349505 0.368229 0.60008 0.024661 0.00309802 0.000436313
1400 0.00328328 0.368542 0.600236 0.0243217 0.00311769 0.000499097
