800 0.362177 0.517506 0.118832 0.00132987 0.000147065 7.85102e-06
850 0.362243 0.517417 0.118855 0.00132975 0.000148205 7.64609e-06
900 0.362105 0.517557 0.118851 0.00133018 0.000149668 7.52195e-06
950 0.362102 0.517564 0.118838 0.00133733 0.000150783 7.93435e-06
973 0.362234 0.51746 0.118822 0.00132637 0.000149256 7.90882e-06
1000 0.362206 0.517488 0.118821 0.00132701 0.000149662 7.98995e-06
1050 0.36225 0.517476 0.118786 0.00133077 0.00014935 7.41013e-06
1100 0.36227 0.517436 0.118809 0.00132726 0.000149418 8.23274e-06
1150 0.362246 0.517503 0.118753 0.00133867 0.000150925 7.65891e-06
1200 0.362247 0.51737 0.118894 0.00133016 0.00015119 7.24703e-06
1250 0.362126 0.517504 0.118881 0.00133125 0.00014994 8.07318e-06
1300 0.362177 0.517446 0.118892 0.00132955 0.000147665 8.12249e-06
1350 0.362225 0.517448 0.118841 0.00132763 0.000150656 7.57623e-06
1400 0.362153 0.517496 0.118868 0.00132799 0.000146637 7.93566e-06
