800 0.361493 0.51793 0.119109 0.00134727 0.000117558 3.81339e-06
850 0.36201 0.517394 0.119155 0.00130834 0.000125386 8.36926e-06
900 0.362509 0.517679 0.118339 0.00129725 0.000167411 8.85499e-06
950 0.362504 0.516549 0.119522 0.00129386 0.00012714 3.64858e-06
973 0.362614 0.516992 0.11891 0.00133959 0.000139456 5.85142e-06
1000 0.361765 0.518039 0.118663 0.00133518 0.000181606 1.60978e-05
1050 0.36294 0.517567 0.118063 0.00127056 0.000147576 1.19692e-05
1100 0.361703 0.51712 0.119704 0.00133742 0.000126468 9.50008e-06
1150 0.362909 0.51715 0.118535 0.00125711 0.000145632 3.41642e-06
1200 0.36211 0.517134 0.11926 0.00136084 0.000124169 1.15139e-05
1250 0.362018 0.517319 0.119229 0.00127444 0.000152337 6.77283e-06
1300 0.36209 0.51766 0.11894 0.00117995 0.000117564 1.24205e-05
1350 0.36172 0.51733 0.119475 0.00133355 0.000135419 6.1557e-06
1400 0.36205 0.517712 0.118708 0.00138482 0.000134685 1.1047e-05
