800 0.362569 0.516364 0.119524 0.00137097 0.000158686 1.26316e-05
850 0.360816 0.517502 0.120181 0.00133115 0.000160107 9.78552e-06
900 0.360382 0.517459 0.120473 0.00151681 0.000157632 1.03763e-05
950 0.360649 0.51721 0.12055 0.00142946 0.000152448 9.06768e-06
973 0.362156 0.516569 0.119757 0.00139227 0.000119255 6.77518e-06
1000 0.36153 0.516491 0.120449 0.00139217 0.000122293 1.53843e-05
1050 0.360114 0.517933 0.120374 0.00142347 0.000150323 5.24645e-06
1100 0.360227 0.518207 0.119993 0.00141736 0.0001491 7.39382e-06
1150 0.360111 0.518076 0.120213 0.00140268 0.000181748 1.5282e-05
1200 0.361525 0.516939 0.119974 0.0014075 0.000146526 7.33445e-06
1250 0.361151 0.517366 0.120012 0.00130226 0.00016141 7.04598e-06
1300 0.36036 0.516945 0.121164 0.00138345 0.000139701 8.12993e-06
