800 0.361202 0.51702 0.120268 0.00135941 0.00013812 1.24831e-05
850 0.361184 0.516889 0.120275 0.00146349 0.000176021 1.23494e-05
900 0.361532 0.516796 0.120118 0.00134764 0.000195235 1.05262e-05
950 0.361771 0.516906 0.119688 0.00145236 0.000174295 8.99314e-06
973 0.361267 0.51696 0.120188 0.00141486 0.000157708 1.18609e-05
1000 0.359106 0.518291 0.121194 0.00126102 0.000139151 9.30374e-06
1050 0.361195 0.517776 0.11949 0.00137655 0.000160203 1.81655e-06
1100 0.360924 0.516801 0.120638 0.00144957 0.000173168 1.36939e-05
1150 0.36093 0.517143 0.120344 0.00141956 0.000156884 6.85427e-06
1200 0.360703 0.517507 0.120149 0.00149837 0.000133497 8.96403e-06
1250 0.360988 0.517298 0.12008 0.00144912 0.000180467 4.15825e-06
1300 0.361027 0.517199 0.120301 0.00132445 0.000136955 1.14994e-05
