800 0.361034 0.517037 0.120358 0.00140286 0.000157594 9.35251e-06
850 0.361027 0.517043 0.120366 0.00139727 0.000157073 9.44661e-06
900 0.361025 0.5171 0.120306 0.00139882 0.000160268 9.86444e-06
950 0.361054 0.517057 0.120316 0.00140478 0.000158496 9.18526e-06
973 0.36108 0.517037 0.120311 0.00140163 0.000160754 9.32201e-06
1000 0.361079 0.517096 0.120256 0.00140279 0.000156061 9.23043e-06
1050 0.361053 0.517099 0.120281 0.00140011 0.000156981 9.36971e-06
1100 0.361058 0.517035 0.120338 0.00140296 0.000157483 9.00658e-06
1150 0.361035 0.517083 0.120303 0.00140929 0.000160951 8.96475e-06
1200 0.36101 0.517101 0.12032 0.00140054 0.000158042 9.83886e-06
1250 0.361169 0.516928 0.120331 0.00140581 0.000156608 9.27291e-06
1300 0.361079 0.517013 0.120338 0.00140235 0.000157755 9.52015e-06
