800 0.362534 0.51734 0.118673 0.00130301 0.000137524 1.26378e-05
850 0.361855 0.518082 0.118626 0.00127172 0.000152977 1.2371e-05
900 0.361749 0.517547 0.11914 0.00139336 0.000162757 7.79725e-06
950 0.36183 0.517297 0.11936 0.00134669 0.000161489 4.81353e-06
973 0.361378 0.517955 0.119205 0.00132277 0.000132853 7.10946e-06
1000 0.363144 0.516977 0.118425 0.00129667 0.000150091 7.28806e-06
1050 0.361853 0.51747 0.119234 0.00128845 0.000146077 9.34246e-06
1100 0.361754 0.517524 0.119277 0.00128912 0.000148725 7.26913e-06
1150 0.363178 0.516018 0.119317 0.00132086 0.000160607 5.05972e-06
1200 0.361995 0.517401 0.119068 0.00135984 0.000165677 1.06779e-05
1250 0.361771 0.517927 0.118827 0.00133423 0.00013276 7.6518e-06
1300 0.362568 0.518463 0.117472 0.00136368 0.000129007 4.58059e-06
1350 0.36266 0.516642 0.119194 0.00135611 0.000138035 1.0831e-05
1400 0.362588 0.517392 0.118518 0.00135995 0.000138017 3.38679e-06
