800 0.362744 0.517039 0.118645 0.00140613 0.000158824 7.73942e-06
850 0.363145 0.51729 0.118112 0.00126938 0.000181932 1.88289e-06
900 0.361454 0.518097 0.118989 0.00131105 0.000143534 5.30435e-06
950 0.362427 0.517809 0.118324 0.00128376 0.000147551 8.79644e-06
973 0.363141 0.516584 0.118831 0.00129436 0.000148167 1.85901e-06
1000 0.361332 0.517824 0.119277 0.00136238 0.000196833 8.29273e-06
1050 0.362431 0.517652 0.118437 0.00130636 0.000162782 1.07837e-05
1100 0.361215 0.517887 0.119395 0.00131995 0.000177258 5.2356e-06
1150 0.361213 0.518526 0.118778 0.00131167 0.000161637 9.3783e-06
1200 0.362178 0.517805 0.118558 0.00129904 0.000151428 8.56169e-06
1250 0.360832 0.518607 0.119117 0.00130382 0.000126862 1.34425e-05
1300 0.362283 0.51736 0.118864 0.00133357 0.000152331 6.9291e-06
1350 0.3617 0.518407 0.118375 0.00136095 0.000149336 7.64896e-06
1400 0.362518 0.517168 0.118854 0.00131003 0.000137965 1.20162e-05
