800 0.00329593 0.368301 0.60081 0.0240718 0.0030723 0.000449013
850 0.00313571 0.370238 0.598257 0.0247173 0.00309532 0.000556057
900 0.00337801 0.368699 0.599441 0.0247499 0.00328537 0.000446643
950 0.00311802 0.368059 0.600425 0.0247474 0.0031141 0.000536751
973 0.00323889 0.367574 0.601066 0.0243992 0.00314847 0.000573264
1000 0.00325144 0.367258 0.601442 0.0244695 0.00315366 0.000425675
1050 0.00315239 0.3695 0.599181 0.0244006 0.00329269 0.000473628
1100 0.00327179 0.36963 0.599424 0.0243568 0.00288441 0.000432759
1150 0.00323942 0.36918 0.59924 0.0247066 0.00312284 0.00051169
1200 0.0033368 0.368679 0.599971 0.0244693 0.00309564 0.000447778
1250 0.00313987 0.37046 0.598207 0.0245954 0.00314411 0.000453081
1300 0.00318177 0.368496 0.600281 0.0244786 0.0030531 0.000509754
1350 0.00312996 0.368836 0.599946 0.0246653 0.00295312 0.000470217
1400 0.00337716 0.367452 0.601202 0.0242733 0.00319598 0.000499737
