800 0.362174 0.517517 0.118815 0.00133438 0.000151136 7.98391e-06
850 0.362225 0.517421 0.118867 0.00133003 0.000149391 7.47406e-06
900 0.362085 0.517617 0.118804 0.00133462 0.000151662 7.63316e-06
950 0.362137 0.517486 0.118889 0.00133018 0.000149427 8.16477e-06
973 0.362241 0.517466 0.118808 0.00132821 0.000149955 7.68335e-06
1000 0.362224 0.517549 0.118746 0.00132463 0.000148086 8.28898e-06
1050 0.362204 0.5175 0.118809 0.00133128 0.000147866 7.22481e-06
1100 0.362117 0.517455 0.118932 0.00133582 0.000152071 8.05829e-06
1150 0.362102 0.517587 0.118824 0.00132965 0.000149382 8.50485e-06
1200 0.362136 0.51753 0.11885 0.00132635 0.000150884 7.59863e-06
1250 0.362188 0.517479 0.118837 0.00133865 0.000148725 7.873e-06
1300 0.362138 0.517455 0.118917 0.00133134 0.000149882 7.86633e-06
1350 0.362181 0.517505 0.118828 0.00132814 0.000149591 7.91458e-06
1400 0.362165 0.51746 0.118888 0.00132854 0.000150905 8.04303e-06
