800 0.00320117 0.368913 0.600211 0.0241632 0.00297045 0.000541441
850 0.00330718 0.36931 0.599053 0.0247071 0.00312177 0.000501475
900 0.00325742 0.36898 0.599863 0.0243671 0.00301874 0.000513892
950 0.00332195 0.369243 0.599002 0.0247931 0.00316323 0.000476811
973 0.00324491 0.369153 0.599543 0.024341 0.00319756 0.000520056
1000 0.0032522 0.368487 0.599965 0.0245724 0.00321972 0.000503598
1050 0.00330369 0.368105 0.600445 0.0243993 0.00323742 0.000509798
1100 0.00344488 0.369761 0.598843 0.0243659 0.00313454 0.000450207
1150 0.00327805 0.369043 0.599297 0.0245895 0.00330792 0.000484335
1200 0.0030667 0.368423 0.600849 0.024077 0.00313928 0.000444964
1250 0.0031981 0.368136 0.600885 0.0242395 0.00304033 0.000500751
1300 0.00323027 0.368419 0.600167 0.0246451 0.0030374 0.000500588
