800 0.362314 0.517465 0.118786 0.00130066 0.000123838 1.03266e-05
850 0.362242 0.51732 0.118845 0.00140968 0.000172996 1.02683e-05
900 0.362672 0.517244 0.118597 0.00129609 0.000184759 5.97313e-06
950 0.362861 0.517362 0.11822 0.00139298 0.000158883 5.49276e-06
973 0.362337 0.517417 0.118747 0.00133873 0.000149767 9.9977e-06
1000 0.360196 0.518734 0.119744 0.00119078 0.000127577 7.67732e-06
1050 0.362238 0.518186 0.118122 0.00129932 0.000153154 1.81919e-06
1100 0.36204 0.517288 0.119143 0.00135579 0.000159091 1.37361e-05
1150 0.362034 0.517672 0.118795 0.0013483 0.000146045 4.98406e-06
1200 0.361769 0.517988 0.118705 0.00140522 0.000125807 7.12333e-06
1250 0.362059 0.517721 0.118669 0.00136927 0.000177488 4.17919e-06
1300 0.362115 0.51761 0.118883 0.00125639 0.000125293 9.80304e-06
