800 0.362142 0.517496 0.118872 0.00133239 0.000148882 7.71534e-06
850 0.362135 0.5175 0.118884 0.00132509 0.000147899 7.91065e-06
900 0.362131 0.517558 0.118824 0.00132783 0.000151406 8.31006e-06
950 0.36216 0.517514 0.118836 0.00133243 0.000149222 7.73098e-06
973 0.362191 0.517496 0.118823 0.00133038 0.000151316 7.74543e-06
1000 0.362188 0.517556 0.118771 0.00133102 0.000146568 7.69819e-06
1050 0.362165 0.517562 0.118789 0.0013286 0.000147425 7.8102e-06
1100 0.362166 0.517491 0.118855 0.00133181 0.000148259 7.6424e-06
1150 0.362145 0.517542 0.118817 0.00133733 0.000151166 7.49501e-06
1200 0.362121 0.517563 0.118828 0.00133016 0.000148818 8.48958e-06
1250 0.362281 0.517391 0.118838 0.00133484 0.000147614 7.73335e-06
1300 0.36219 0.517474 0.118849 0.00133014 0.000148813 7.98933e-06
