800 0.363696 0.516799 0.118057 0.00129816 0.000137198 1.26722e-05
850 0.361866 0.517931 0.118773 0.00126853 0.000154773 7.18184e-06
900 0.361485 0.517938 0.118987 0.00143026 0.000149289 1.04207e-05
950 0.361731 0.517648 0.119119 0.00134499 0.000147269 9.08491e-06
973 0.363271 0.517071 0.118216 0.00132184 0.000114339 6.79269e-06
1000 0.362646 0.516976 0.11892 0.00133644 0.00011015 1.11253e-05
1050 0.361228 0.518397 0.118872 0.00135808 0.000139748 5.25863e-06
1100 0.361369 0.518673 0.11846 0.00134663 0.000145965 5.65809e-06
1150 0.361221 0.518517 0.118759 0.0013185 0.000168398 1.53289e-05
1200 0.362578 0.517388 0.118558 0.00133077 0.000140264 5.3949e-06
1250 0.362206 0.517787 0.118608 0.00124128 0.000153105 5.33136e-06
1300 0.361422 0.517356 0.119743 0.00133853 0.000133922 6.8369e-06
