800 0.362145 0.517589 0.118774 0.00133329 0.000151405 7.54879e-06
850 0.362098 0.517585 0.118832 0.00132862 0.000148582 7.7331e-06
900 0.362176 0.517479 0.118855 0.0013297 0.000152377 8.02462e-06
950 0.36226 0.517437 0.118809 0.0013361 0.000149513 8.11112e-06
973 0.362152 0.517561 0.118799 0.00133161 0.000148468 8.21229e-06
1000 0.362221 0.517419 0.118875 0.00133239 0.000145454 7.65695e-06
1050 0.362211 0.517423 0.118876 0.00133183 0.000150366 8.06126e-06
1100 0.362221 0.517512 0.118784 0.00132493 0.000149846 7.56215e-06
1150 0.362195 0.517478 0.11884 0.00132959 0.000149599 7.69491e-06
1200 0.362122 0.517587 0.118805 0.00132821 0.000149396 8.10993e-06
1250 0.362148 0.51749 0.11888 0.00132669 0.00014846 7.4427e-06
1300 0.362219 0.517438 0.118851 0.00133332 0.000150847 7.57955e-06
1350 0.362128 0.51754 0.118842 0.0013315 0.000149878 8.07886e-06
1400 0.362191 0.517471 0.118847 0.00133519 0.000149059 7.68998e-06
