800 0.00329358 0.368146 0.600442 0.0245599 0.00311543 0.000442444
850 0.00321119 0.367661 0.600742 0.024725 0.00316671 0.000493811
900 0.00335804 0.368998 0.600043 0.0239747 0.00307993 0.000547043
950 0.00334327 0.369405 0.599471 0.024405 0.00287339 0.000502074
973 0.00350107 0.367268 0.600829 0.0248693 0.00308197 0.000450248
1000 0.00341061 0.369666 0.598679 0.0245819 0.00317239 0.000489717
1050 0.00338041 0.369243 0.599196 0.02467 0.0030327 0.000478049
1100 0.00318238 0.369964 0.598397 0.0246325 0.00331725 0.000507411
1150 0.00323207 0.369411 0.59911 0.0247695 0.00300583 0.000471616
1200 0.00325105 0.36607 0.602833 0.0242808 0.0030596 0.000505863
1250 0.00336827 0.368941 0.599347 0.0247307 0.00306718 0.000546145
1300 0.00308242 0.369072 0.599815 0.0245338 0.0029916 0.000505166
1350 0.00324712 0.36877 0.600081 0.0241588 0.00322172 0.000521569
1400 0.00332065 0.367321 0.600341 0.0250828 0.00338838 0.000546048
