800 0.321465 0.537186 0.139204 0.00193319 0.000212559 0.0
850 0.321473 0.53785 0.138814 0.00169076 0.000172292 0.0
900 0.322206 0.537319 0.138444 0.00170072 0.000329816 0.0
950 0.321422 0.53608 0.140383 0.0019005 0.000214766 0.0
973 0.322618 0.533697 0.14141 0.00207275 0.000202964 0.0
1000 0.326864 0.533563 0.137548 0.00184229 0.000182728 0.0
1050 0.321952 0.537863 0.13809 0.00187046 0.000225096 0.0
1100 0.325953 0.532259 0.139942 0.00167101 0.000175221 0.0
1150 0.326104 0.52902 0.143025 0.00160559 0.000245516 0.0
1200 0.321588 0.537519 0.138998 0.00185957 3.54892e-05 0.0
1250 0.320337 0.534898 0.142868 0.00167235 0.000224507 0.0
1300 0.319022 0.542983 0.136379 0.00154869 6.75613e-05 0.0
1350 0.325035 0.531725 0.141693 0.00145903 8.80025e-05 0.0
1400 0.326409 0.531964 0.139995 0.00146098 0.000170068 0.0
