800 0.361511 0.518602 0.118328 0.00139055 0.000164701 3.52087e-06
850 0.361783 0.517834 0.118896 0.00129339 0.000192144 1.69546e-06
900 0.362679 0.516749 0.119031 0.0013605 0.000170517 1.04397e-05
950 0.361391 0.518112 0.118989 0.00131164 0.000192048 3.44153e-06
973 0.362511 0.517555 0.118432 0.00133826 0.000158807 5.41382e-06
1000 0.362556 0.517489 0.118476 0.00130433 0.000164748 9.15829e-06
1050 0.361253 0.517767 0.119597 0.00122884 0.000141363 1.28362e-05
1100 0.362079 0.518298 0.118083 0.00137587 0.000157915 5.4262e-06
1150 0.362283 0.517487 0.118699 0.00134126 0.000180583 8.53413e-06
1200 0.362494 0.517258 0.118791 0.00129192 0.000151786 1.33677e-05
1250 0.363135 0.516687 0.118761 0.00126638 0.000142669 8.36534e-06
1300 0.362265 0.516734 0.119466 0.00139362 0.000134292 8.01189e-06
1350 0.359724 0.519056 0.119714 0.00136625 0.000133875 5.38167e-06
1400 0.362015 0.517756 0.118682 0.00138174 0.000157022 8.92977e-06
