800 0.362309 0.516914 0.11923 0.00140602 0.000135749 5.58562e-06
850 0.362529 0.517557 0.118388 0.00138307 0.000137152 5.75718e-06
900 0.360897 0.51884 0.118632 0.00146408 0.000166174 0.0
950 0.362498 0.516861 0.119149 0.00134858 0.0001337 9.92884e-06
973 0.360734 0.518664 0.119148 0.00127858 0.000169197 6.79713e-06
1000 0.361652 0.517937 0.118979 0.00126582 0.000158304 7.7903e-06
1050 0.361583 0.517878 0.119044 0.00130767 0.000182892 4.97489e-06
1100 0.361214 0.517408 0.119832 0.00139569 0.000137106 1.32711e-05
1150 0.362159 0.517623 0.118706 0.00136147 0.000145839 4.53372e-06
1200 0.363143 0.515959 0.119426 0.0013268 0.000128681 1.58227e-05
1250 0.36206 0.517832 0.118555 0.00140941 0.000137489 6.46444e-06
1300 0.362217 0.517454 0.118669 0.00146511 0.000179589 1.48848e-05
1350 0.363554 0.516222 0.118626 0.00140721 0.000181289 1.02633e-05
1400 0.362369 0.517463 0.118648 0.00135392 0.000158968 6.90192e-06
